892420643555336193,8211,37666
892177421306343426,6072,32354
891815181378084864,4015,24373
891689557279858688,8368,40971
891327558926688256,9067,39182
891087950875897856,3010,19702
890971913173991426,1988,11518
890729181411237888,18238,63520
890609185150312448,4131,27090
890240255349198849,7128,31046
890006608113172480,7089,29860
889880896479866881,4816,27064
889665388333682689,9705,46811
889638837579907072,4384,26388
889531135344209921,2177,14716
889278841981685760,5199,24574
888917238123831296,4356,28348
888804989199671297,4138,24873
888554962724278272,3423,19300
888078434458587136,3371,21176
887705289381826560,5204,29394
887517139158093824,11321,45047
887473957103951883,17563,67096
887343217045368832,10087,32775
887101392804085760,5766,29761
886983233522544640,7514,34175
886736880519319552,3160,11719
886680336477933568,4320,21852
886366144734445568,3097,20622
886267009285017600,4,116
886258384151887873,6098,27252
886054160059072513,105,0
885984800019947520,6555,31730
885528943205470208,6215,35011
885518971528720385,3628,19900
885311592912609280,17945,0
885167619883638784,4243,21327
884925521741709313,17655,75265
884876753390489601,5439,27148
884562892145688576,4537,23629
884441805382717440,5487,26285
884247878851493888,19859,70972
884162670584377345,2887,19815
883838122936631299,3336,21310
883482846933004288,9615,44677
883360690899218434,3591,22081
883117836046086144,6452,36168
882992080364220416,3803,23292
882762694511734784,4745,27540
882627270321602560,5903,27185
882268110199369728,11231,43738
882045870035918850,4799,28561
881906580714921986,3290,23671
881666595344535552,10351,49255
881633300179243008,7,124
881536004380872706,15473,48122
881268444196462592,5026,22509
880935762899988482,2701,16605
880872448815771648,3712,20705
880465832366813184,6089,27781
880221127280381952,4090,26317
880095782870896641,4207,26901
879862464715927552,3391,21758
879674319642796034,10,302
879492040517615616,3082,22825
879415818425184262,42981,103060
879376492567855104,3020,16374
879130579576475649,6605,0
879050749262655488,4563,21957
879008229531029506,2613,18498
878776093423087618,4004,18915
878604707211726852,6984,29434
878404777348136964,1249,0
878316110768087041,6451,0
878281511006478336,1249,7543
878057613040115712,6605,40958
877736472329191424,18535,77656
877611172832227328,78,0
877556246731214848,3693,22148
877316821321428993,5044,26701
877201837425926144,5426,26441
876838120628539392,3245,20167
876537666061221889,4511,22960
876484053909872640,2324,18294
876120275196170240,4553,27247
875747767867523072,4169,24568
875144289856114688,4807,21397
875097192612077568,5896,26739
875021211251597312,4601,24865
874680097055178752,4526,27160
874434818259525634,14324,0
874296783580663808,4007,25449
874057562936811520,3855,22172
874012996292530176,10150,33718
873580283840344065,3843,23650
873337748698140672,1548,0
873213775632977920,1548,7070
872967104147763200,5285,26714
872820683541237760,3618,14403
872620804844003328,3613,20330
872486979161796608,8833,39815
872122724285648897,7963,33652
871879754684805121,10922,37112
871762521631449091,3414,19855
871515927908634625,3391,19796
871166179821445120,5590,0
871102520638267392,5412,20528
871032628920680449,3749,22238
870804317367881728,6093,32988
870726314365509632,3,117
870656317836468226,2597,12172
870374049280663552,25820,81250
870308999962521604,4088,21463
870063196459192321,8214,35972
869772420881756160,9892,41715
869702957897576449,6256,27764
869596645499047938,3094,15728
869227993411051520,3746,20144
868880397819494401,14300,64554
868639477480148993,2066,0
868622495443632128,5235,26338
868552278524837888,2066,9973
867900495410671616,4134,23851
867774946302451713,7272,33506
867421006826221569,2476,15910
867072653475098625,119,0
867051520902168576,7794,31832
866720684873056260,4770,19825
866686824827068416,3452,19053
866450705531457537,35054,120789
866334964761202691,14324,51921
866094527597207552,8309,0
865718153858494464,5586,25368
865359393868664832,4976,26181
865006731092295680,7651,27729
864873206498414592,8678,31958
864279568663928832,3013,14478
864197398364647424,8893,29855
863907417377173506,4124,20447
863553081350529029,4171,15184
863471782782697472,2439,0
863432100342583297,5226,23625
863427515083354112,96,2238
863079547188785154,1102,8712
863062471531167744,2439,8458
862831371563274240,5104,19037
862722525377298433,3524,16958
862457590147678208,4962,20382
862096992088072192,23279,74026
861383897657036800,10721,35938
861288531465048066,4166,17102
861005113778896900,3805,16630
860981674716409858,2169,0
860924035999428608,819,0
860563773140209665,2169,7484
860524505164394496,5309,23537
860276583193509888,3491,18258
860184849394610176,5885,16642
860177593139703809,31060,0
859924526012018688,4104,19504
859851578198683649,3532,15383
859607811541651456,1581,18564
859196978902773760,30417,89810
859074603037188101,13726,33845
858860390427611136,8214,0
858843525470990336,3515,15547
858471635011153920,4880,21522
858107933456039936,2924,15734
857989990357356544,2612,16156
857746408056729600,10766,34323
857393404942143489,1662,5914
857263160327368704,4569,20078
857214891891077121,18,228
857062103051644929,173,0
857029823797047296,4063,18984
856602993587888130,10856,0
856543823941562368,2927,16331
856526610513747968,1915,11891
856330835276025856,688,0
856288084350160898,17,522
856282028240666624,6439,27867
855862651834028034,26,347
855860136149123072,1044,5052
855857698524602368,2150,11936
855851453814013952,18088,45810
855818117272018944,5549,26800
855459453768019968,8378,30134
855245323840757760,6109,0
855138241867124737,46,0
854732716440526848,6247,23042
854482394044301312,7041,29594
854365224396361728,4799,19093
854120357044912130,7674,32348
854010172552949760,3229,16394
853760880890318849,5939,28952
853639147608842240,10423,35271
853299958564483072,3669,15748
852936405516943360,2069,0
852912242202992640,1891,9196
852672615818899456,2223,15162
852553447878664193,3619,16603
852311364735569921,10200,33666
852226086759018497,7011,20345
852189679701164033,1636,11651
851953902622658560,9954,0
851861385021730816,23,0
851591660324737024,3583,16522
851464819735769094,7330,24738
851224888060895234,5928,21089
850753642995093505,9606,31589
850380195714523136,2716,13343
850333567704068097,348,3514
850145622816686080,3964,16674
850019790995546112,5076,20892
849776966551130114,7893,31159
849668094696017920,5140,0
849412302885593088,3264,16246
849336543269576704,1963,11684
849051919805034497,8849,43439
848690551926992896,4493,25823
848324959059550208,4782,25369
848213670039564288,777,8382
848212111729840128,3196,16732
847978865427394560,3394,0
847971574464610304,443,0
847962785489326080,5311,24117
847842811428974592,1390,5607
847617282490613760,441,7182
847606175596138505,3550,19286
847251039262605312,4477,21011
847157206088847362,6113,20470
847116187444137987,3336,21995
846874817362120707,4099,20617
846514051647705089,12126,45875
846505985330044928,3215,14505
846153765933735936,9492,32595
846139713627017216,10365,31796
846042936437604353,3028,16464
845812042753855489,9138,30137
845677943972139009,5008,25892
845397057150107648,1891,7869
845306882940190720,5651,24037
845098359547420673,8021,0
844979544864018432,2702,14031
844973813909606400,3371,15571
844704788403113984,10856,39918
844580511645339650,3292,17012
844223788422217728,2312,14048
843981021012017153,3075,15626
843856843873095681,4865,22118
843604394117681152,2892,17424
843235543001513987,6359,22219
842846295480000512,3791,15718
842765311967449089,1342,6973
842535590457499648,3693,18688
842163532590374912,6109,25279
842115215311396866,3196,14470
841833993020538882,16128,0
841680585030541313,8168,26528
841439858740625411,3882,13064
841320156043304961,5743,20457
841314665196081154,4944,16382
841077006473256960,5590,23676
840761248237133825,1849,0
840728873075638272,17025,0
840698636975636481,2,182
840696689258311684,1036,12722
840632337062862849,1849,9287
840370681858686976,4802,17048
840268004936019968,6051,19955
839990271299457024,2419,13900
839549326359670784,8214,28510
839290600511926273,149,0
839239871831150596,6908,28196
838952994649550848,4202,20334
838921590096166913,2189,11595
838916489579200512,36,0
838831947270979586,11687,0
838561493054533637,1398,11336
838476387338051585,5079,23409
838201503651401729,10671,0
838150277551247360,353,1744
838085839343206401,1,147
838083903487373313,3341,18289
837820167694528512,8309,35486
837482249356513284,466,3986
837471256429613056,2417,13272
837366284874571778,5621,21987
837110210464448512,2531,16647
836989968035819520,2434,13203
836753516572119041,4888,20013
836677758902222849,2355,13108
836648853927522308,577,0
836397794269200385,29359,0
836380477523124226,3150,15324
836260088725786625,4540,22113
836001077879255040,4543,19863
835685285446955009,8647,0
835574547218894849,3842,18514
835536468978302976,1808,0
835309094223372289,22310,0
835297930240217089,3185,17093
835264098648616962,1808,8042
835246439529840640,77,2177
835172783151792128,6098,27197
835152434251116546,3204,23376
834931633769889797,1752,11257
834786237630337024,5844,22070
834574053763584002,2686,14241
834477809192075265,11350,0
834458053273591808,1785,9995
834209720923721728,5086,21458
834167344700198914,3869,16419
834089966724603904,2259,10469
834086379323871233,2358,13608
833863086058651648,2550,13966
833826103416520705,3968,18757
833732339549220864,227,0
833722901757046785,3412,21593
833479644947025920,2191,15478
833124694597443584,5140,21053
832998151111966721,2358,13848
832769181346996225,39,0
832757312314028032,3854,17536
832682457690300417,3120,12379
832645525019123713,553,3043
832636094638288896,2964,16510
832397543355072512,2369,12441
832369877331693569,3394,17910
832273440279240704,2483,11786
832215909146226688,6597,0
832215726631055365,9984,0
832088576586297345,2,69
832040443403784192,10335,0
832032802820481025,4949,18602
831939777352105988,6534,25029
831926988323639298,35,357
831911600680497154,6949,28854
831670449226514432,1932,10911
831650051525054464,2069,7491
831552930092285952,2450,9378
831322785565769729,1636,9629
831315979191906304,1192,6819
831309418084069378,2613,12248
831262627380748289,2187,12440
830956169170665475,1590,8321
830583320585068544,17945,69834
830173239259324417,6088,0
830097400375152640,3200,10251
829878982036299777,5364,0
829861396166877184,2091,12782
829501995190984704,11350,33155
829449946868879360,2161,10936
829374341691346946,9954,36147
829141528400556032,7917,25580
829011960981237760,17347,55410
828801551087042563,3627,0
828770345708580865,6266,26703
828708714936930305,12012,38253
828650029636317184,1441,9926
828409743546925057,1230,6598
828408677031882754,1377,8017
828381636999917570,2379,13205
828376505180889089,1140,7719
828372645993398273,3162,13120
828361771580813312,181,2294
828046555563323392,3063,12307
828011680017821696,2295,10838
827933404142436356,5591,21047
827653905312006145,3217,16141
827600520311402496,1017,7744
827324948884643840,3270,16607
827199976799354881,2403,11070
826958653328592898,5364,22598
826848821049180160,10958,38178
826615380357632002,4232,0
826598799820865537,270,5359
826598365270007810,2516,10559
826476773533745153,4497,19313
826240494070030336,2778,13891
826204788643753985,999,5110
826115272272650244,3361,16407
825876512159186944,2005,10973
825829644528148480,2670,13344
825535076884762624,18449,54649
825147591692263424,4903,19194
825120256414846976,1367,0
825026590719483904,1367,6653
824796380199809024,5895,0
824775126675836928,3775,15695
824663926340194305,1858,10576
824325613288833024,11164,12380
824297048279236611,4155,15807
824025158776213504,631,5012
823939628516474880,2907,11166
823719002937630720,12049,0
823699002998870016,2589,13220
823581115634085888,2845,13678
823333489516937216,27,733
823322678127919110,4320,16528
823269594223824897,10588,0
822975315408461824,3700,18166
822872901745569793,47147,138952
822859134160621569,2458,13908
822647212903690241,6891,0
822610361945911296,3187,15540
822489057087389700,6891,19099
822462944365645825,15740,29869
822244816520155136,10588,36815
822163064745328640,5163,0
821886076407029760,2516,11922
821813639212650496,3599,0
821765923262631936,1787,8850
821522889702862852,1910,8442
821421320206483457,6028,0
821407182352777218,4674,12392
821153421864615936,10,267
821149554670182400,2168,9155
821107785811234820,2293,10083
821044531881721856,2466,13319
820837357901512704,7219,0
820749716845686786,10671,33192
820690176645140481,3467,12834
820494788566847489,608,0
820446719150292993,2783,0
820314633777061888,608,3508
820078625395449857,6777,20862
820013781606658049,1275,0
819952236453363712,1275,5596
819924195358416896,5209,13551
819711362133872643,3373,14171
819588359383371776,2123,10096
819347104292290561,1298,7604
819238181065359361,436,2410
819227688460238848,7219,24307
819015337530290176,39674,0
819015331746349057,20440,0
819006400881917954,20440,47609
819004803107983360,39674,91330
818646164899774465,22517,0
818627210458333184,8055,23392
818614493328580609,2783,10377
818588835076603904,6630,0
818536468981415936,2672,11498
818307523543449600,8774,0
818259473185828864,2467,11617
818145370475810820,2799,12944
817908911860748288,852,5108
817827839487737858,29359,54587
817777686764523521,2891,11297
817536400337801217,3283,12430
817502432452313088,3662,0
817423860136083457,16128,35982
817415592588222464,1040,5912
817181837579653120,9173,0
817171292965273600,2175,9213
817120970343411712,2826,12851
817056546584727552,1780,9047
816829038950027264,5088,0
816816676327063552,2190,10570
816697700272001025,2381,10344
816450570814898180,8774,32220
816336735214911488,2115,9076
816091915477250048,2332,9439
816062466425819140,1126,0
816014286006976512,5738,0
815990720817401858,1126,5269
815966073409433600,9173,23655
815745968457060357,4469,0
815736392542261248,2459,10395
815639385530101762,1775,8668
815390420867969024,4116,10934
814986499976527872,1387,8074
814638523311648768,2930,11900
814578408554463233,6269,0
814530161257443328,2008,9140
814153002265309185,9388,30407
813944609378369540,3451,0
813910438903693312,2028,9826
813812741911748608,15158,38453
813800681631023104,1900,8820
813217897535406080,7908,19738
813202720496779264,1952,9719
813187593374461952,4720,20984
813172488309972993,2071,9858
813157409116065792,2403,8203
813142292504645637,2553,8923
813130366689148928,481,4723
813127251579564032,3386,12539
813112105746448384,2979,10925
813096984823349248,3892,11143
813081950185472002,2996,10444
813066809284972545,2101,8420
813051746834595840,7944,22163
812781120811126785,2073,8029
812709060537683968,1543,7003
812503143955202048,1323,6419
812466873996607488,2093,8447
812372279581671427,3975,14475
811985624773361665,1523,7678
811744202451197953,1734,7980
811647686436880384,804,5914
811627233043480576,3376,13520
811386762094317568,6914,22128
810984652412424192,1555,5642
810896069567610880,1935,9583
810657578271330305,2868,11615
810284430598270976,12349,37454
810254108431155201,3627,15545
809920764300447744,4232,16391
809808892968534016,5304,0
809448704142938112,1589,7341
809220051211603969,6088,21101
809084759137812480,3807,14014
808838249661788160,3300,10710
808733504066486276,2350,8381
808501579447930884,2810,11942
808344865868283904,22517,45021
808134635716833280,6438,0
808106460588765185,2382,9270
808001312164028416,3841,13310
807621403335917568,3977,15428
807106840509214720,60321,125709
807059379405148160,7931,0
807010152071229440,4157,13822
806629075125202948,37744,79505
806620845233815552,5994,0
806576416489959424,2086,5151
806542213899489280,2560,10827
806242860592926720,12651,0
806219024703037440,1291,6812
805958939288408065,5838,0
805932879469572096,2074,8761
805826884734976000,1985,6975
805823200554876929,8719,0
805520635690676224,1787,6092
805487436403003392,2749,9296
805207613751304193,1846,8269
804738756058218496,4167,14545
804475857670639616,2182,6505
804413760345620481,3497,0
804026241225523202,17617,47246
803773340896923648,3003,10651
803692223237865472,8060,0
803638050916102144,4472,11629
803380650405482500,2012,8222
803321560782307329,5755,0
803276597545603072,2669,10630
802952499103731712,2180,9578
802624713319034886,3169,0
802600418706604034,1598,7541
802572683846291456,2709,9486
802323869084381190,6328,17214
802265048156610565,1483,7007
802239329049477120,2836,9614
802185808107208704,286,0
801958328846974976,1852,8182
801854953262350336,254,1871
801538201127157760,2224,8703
801285448605831168,901,6416
801167903437357056,6438,26004
801127390143516673,4291,0
801115127852503040,2268,8571
800859414831898624,103,733
800855607700029440,1771,0
800751577355128832,3005,11144
800513324630806528,3272,13940
800459316964663297,2339,10048
800443802682937345,4679,0
800388270626521089,3048,11820
800188575492947969,4287,0
800141422401830912,2783,16253
800018252395122689,14293,30110
799774291445383169,5073,0
799757965289017345,2348,8904
799422933579902976,2077,8545
799308762079035393,5982,0
799297110730567681,3003,10501
799063482566066176,2677,8563
798933969379225600,4853,13943
798925684722855936,1549,7905
798705661114773508,7159,0
798701998996647937,8456,0
798697898615730177,7051,0
798694562394996736,5377,0
798686750113755136,2515,0
798682547630837760,5116,0
798673117451325440,6018,0
798665375516884993,4233,0
798644042770751489,2007,0
798628517273620480,2131,0
798585098161549313,6194,0
798576900688019456,6351,0
798340744599797760,3641,0
798209839306514432,2771,11011
797971864723324932,3415,12359
797545162159308800,5266,15404
797236660651966464,7212,21193
797165961484890113,29,245
796904159865868288,9645,0
796865951799083009,2068,8138
796759840936919040,3312,12592
796563435802726400,7927,0
796484825502875648,1913,8037
796387464403357696,4523,11682
796177847564038144,15537,0
796149749086875649,15537,34290
796125600683540480,1940,5251
796116448414461957,2622,9665
796080075804475393,2513,8985
796031486298386433,3994,11495
795464331001561088,25870,52798
795400264262053889,3118,10708
795076730285391872,5895,17229
794983741416415232,3663,0
794926597468000259,2502,10909
794355576146903043,11177,0
794332329137291264,2885,10172
794205286408003585,3596,9777
793962221541933056,5304,17840
793845145112371200,2034,9781
793614319594401792,3384,0
793601777308463104,1767,8463
793500921481273345,2581,11354
793286476301799424,9984,26094
793271401113350145,2579,9189
793256262322548741,9060,21202
793241302385262592,3555,11156
793226087023144960,3109,10445
793210959003287553,3047,9480
793195938047070209,6112,16222
793180763617361921,2163,7355
793165685325201412,3019,10000
793150605191548928,1847,6551
793135492858580992,2710,6861
793120401413079041,4244,13471
792913359805018113,4360,15219
792883833364439040,4642,12003
792773781206999040,1822,7791
792394556390137856,4657,14276
792050063153438720,1959,7613
791821351946420224,22820,0
791784077045166082,10436,0
791780927877898241,4137,0
791774931465953280,24107,47865
791672322847637504,3384,12454
791406955684368384,4469,13909
791312159183634433,2756,9324
791026214425268224,4459,0
790987426131050500,2314,10473
790946055508652032,5088,17639
790723298204217344,2509,0
790698755171364864,2076,8692
790581949425475584,7800,21933
790337589677002753,2021,8294
790277117346975746,3451,13322
790227638568808452,3874,0
789986466051088384,2509,9802
789960241177853952,4479,0
789903600034189313,4477,11012
789628658055020548,1932,7965
789599242079838210,2100,7171
789530877013393408,3663,12466
789314372632018944,2505,9136
789280767834746880,5363,0
789268448748703744,2808,9663
789137962068021249,3038,10285
788908386943430656,13429,29058
788765914992902144,11177,29081
788552643979468800,7809,0
788412144018661376,5741,16513
788178268662984705,2298,7656
788150585577050112,1414,6510
788070120937619456,3709,0
788039637453406209,1434,6509
787810552592695296,3314,9187
787717603741622272,3020,10838
787397959788929025,3075,11508
787322443945877504,1898,8253
787111942498508800,7298,0
786963064373534720,8647,28177
786729988674449408,2601,0
786709082849828864,6597,19258
786664955043049472,2768,11286
786595970293370880,3357,9974
786363235746385920,3790,11537
786286427768250368,3099,8423
786233965241827333,5163,16194
786051337297522688,166,1518
786036967502913536,7642,0
785927819176054784,3426,12028
785872687017132033,1970,7072
785639753186217984,2399,8267
785533386513321988,2169,9628
785515384317313025,1358,6452
785264754247995392,1761,7685
785170936622350336,5254,12781
784826020293709826,3497,10726
784517518371221505,2742,9472
784431430411685888,1387,6026
784183165795655680,8719,21277
784057939640352768,12049,31585
783839966405230592,11687,31769
783821107061198850,2113,7769
783695101801398276,3489,11037
783466772167098368,2431,8941
783391753726550016,5949,17828
783347506784731136,6049,0
783334639985389568,12651,30872
783085703974514689,2397,8602
782969140009107456,7931,25494
782747134529531904,1507,7900
782722598790725632,5838,18274
782598640137187329,2022,8239
782305867769217024,6028,17603
782021823840026624,6729,0
781955203444699136,3632,11747
781661882474196992,2924,11026
781655249211752448,1207,4219
781524693396357120,5994,21930
781308096455073793,2747,7520
781251288990355457,2259,8908
781163403222056960,2953,10328
780931614150983680,7927,22873
780858289093574656,2161,7595
780800785462489090,1404,5806
780601303617732608,3599,12765
780543529827336192,1863,6652
780496263422808064,3994,0
780476555013349377,125,0
780459368902959104,1154,5589
780192070812196864,2412,9193
780092040432480260,2480,0
780074436359819264,5387,12915
779834332596887552,7642,20022
779377524342161408,3360,9316
779124354206535695,19861,0
779123168116150273,3939,12450
779056095788752897,4878,15615
778990705243029504,7824,21096
778774459159379968,10742,0
778764940568104960,395,909
778748913645780993,1430,7275
778650543019483137,1616,6089
778624900596654080,1087,4907
778408200802557953,4691,14407
778396591732486144,13187,0
778383385161035776,1197,6172
778286810187399168,3553,10956
778039087836069888,2829,8926
778027034220126208,1748,6909
777953400541634568,3799,0
777885040357281792,1773,6717
777684233540206592,3169,11843
777641927919427584,4572,0
777621514455814149,2682,9244
777189768882946048,4654,15110
776819012571455488,14826,0
776813020089548800,1305,5145
776477788987613185,3006,9311
776249906839351296,9847,0
776218204058357768,17204,31619
776201521193218049,2713,10131
776113305656188928,4679,12384
776088319444877312,162,1928
775898661951791106,17700,0
775842724423557120,2877,12343
775733305207554048,4291,14594
775729183532220416,4914,13610
775364825476165632,3198,7827
775350846108426240,4191,10704
775085132600442880,5073,16381
774757898236878852,1902,9006
774639387460112384,1856,7086
774314403806253056,5982,22941
773985732834758656,4165,11300
773922284943896577,1859,6739
773704687002451968,1742,6959
773670353721753600,1394,5602
773547596996571136,6630,23266
773336787167145985,5465,0
773308824254029826,8021,24471
773247561583001600,3459,9912
773191612633579521,4414,10512
772877495989305348,4157,9022
772826264096874500,2512,8431
772615324260794368,3620,0
772581559778025472,1813,6827
772193107915964416,1491,6341
772152991789019136,1199,3981
772117678702071809,790,3955
772114945936949249,504,2859
772102971039580160,996,4215
771908950375665664,2036,6915
771770456517009408,3641,12623
771500966810099713,2817,8696
771380798096281600,5465,11055
771171053431250945,8110,0
771136648247640064,3143,9645
771102124360998913,1546,6571
771014301343748096,1768,7217
771004394259247104,234,0
770787852854652928,1299,5204
770772759874076672,1511,5462
770655142660169732,1869,7706
770414278348247044,2218,6611
770293558247038976,1599,6549
770093767776997377,3260,0
770069151037685760,2458,7955
769940425801170949,10335,33013
769695466921623552,1771,6719
769335591808995329,8238,0
769212283578875904,1835,5683
768970937022709760,7010,15149
768909767477751808,2881,0
768855141948723200,954,4411
768609597686943744,1294,4329
768596291618299904,1368,5275
768554158521745409,6240,0
768473857036525572,3666,14317
768193404517830656,3799,11467
767884188863397888,1500,4989
767754930266464257,5755,16842
767500508068192258,2499,7861
767191397493538821,4069,12886
767122157629476866,3048,10639
766864461642756096,6040,0
766793450729734144,1453,5336
766714921925144576,413,2734
766693177336135680,846,4233
766423258543644672,1706,6322
766313316352462849,2018,7124
766078092750233600,2781,0
766069199026450432,915,4474
766008592277377025,528,3933
765719909049503744,2295,7603
765669560888528897,1301,5464
765395769549590528,3635,27781
765371061932261376,2313,7445
765222098633691136,3620,12186
764857477905154048,1899,6755
764259802650378240,1620,6350
763956972077010945,58,782
763837565564780549,4459,13227
763183847194451968,1573,5667
763167063695355904,3224,0
763103485927849985,2448,7717
762699858130116608,3874,12762
762471784394268675,6915,11819
762464539388485633,4479,10809
762316489655476224,1203,5049
762035686371364864,16706,33522
761976711479193600,2160,5667
761750502866649088,4204,0
761745352076779520,920,4462
761672994376806400,31060,51976
761599872357261312,1257,4333
761371037149827077,19217,0
761334018830917632,1549,5454
761292947749015552,1172,4680
761227390836215808,1663,5571
761004547850530816,3709,11860
760893934457552897,1038,4004
760656994973933572,2054,6932
760641137271070720,1378,5203
760539183865880579,3887,7938
760521673607086080,1492,4428
760290219849637889,12269,28115
760252756032651264,925,4127
760190180481531904,1934,5967
760153949710192640,33,0
759943073749200896,2230,6222
759923798737051648,6040,15364
759846353224826880,2120,7028
759793422261743616,2028,6248
759566828574212096,22576,0
759557299618865152,1252,4919
759447681597108224,2601,8896
759446261539934208,517,1751
759197388317847553,2078,6337
759159934323924993,1237,0
759099523532779520,4448,15211
759047813560868866,2161,6813
758854675097526272,956,3722
758828659922702336,4083,11693
758740312047005698,1716,5991
758474966123810816,1058,4005
758467244762497024,2372,5023
758405701903519748,2056,5443
758355060040593408,1157,3587
758099635764359168,10742,20081
758041019896193024,399,2833
757741869644341248,3468,7215
757729163776290825,8656,0
757725642876129280,1295,4743
757611664640446465,1191,4787
757597904299253760,312,0
757596066325864448,1127,4544
757400162377592832,7303,15834
757393109802180609,1863,6099
757354760399941633,1520,4725
756998049151549440,2123,6572
756939218950160384,2144,6958
756651752796094464,1393,5300
756526248105566208,3850,10877
756303284449767430,1158,4124
756288534030475264,18608,44840
756275833623502848,1618,6712
755955933503782912,3084,7663
755206590534418437,5747,17204
755110668769038337,11821,22210
754874841593970688,8534,0
754856583969079297,2689,7182
754747087846248448,553,2698
754482103782404096,2082,5544
754449512966619136,778,3917
754120377874386944,2484,8201
753655901052166144,2318,6116
753420520834629632,3805,8295
753398408988139520,2047,6031
753375668877008896,2480,7983
753298634498793472,6135,0
753294487569522689,1114,3544
753039830821511168,22310,38826
753026973505581056,1041,4080
752932432744185856,7298,13200
752917284578922496,1676,7215
752701944171524096,3082,0
752682090207055872,1711,6254
752660715232722944,1673,4603
752568224206688256,2433,5771
752519690950500352,3677,7697
752334515931054080,1175,3991
752309394570878976,17803,0
752173152931807232,1959,6218
751950017322246144,990,3217
751937170840121344,1435,5442
751830394383790080,2081,6052
751793661361422336,3095,6114
751598357617971201,3238,8250
751583847268179968,1180,4595
751538714308972544,1348,5262
751456908746354688,1068,3353
751251247299190784,6250,13046
751205363882532864,1953,6581
751132876104687617,1384,5292
750868782890057730,1472,4991
750719632563142656,5363,13779
750506206503038976,1216,4639
750429297815552001,4572,13755
750383411068534784,1212,4755
750381685133418496,30,722
750147208377409536,1023,3246
750132105863102464,1361,3800
750117059602808832,1379,4521
750101899009982464,897,3174
750086836815486976,573,2270
750071704093859840,3555,8209
750056684286914561,952,3283
750041628174217216,657,3313
750026558547456000,838,2825
750011400160841729,966,3391
749996283729883136,859,3175
749981277374128128,2606,5327
749774190421639168,1393,4861
749417653287129088,1765,6365
749403093750648834,577,2742
749395845976588288,3681,8967
749317047558017024,2352,5719
749075273010798592,2199,6000
749064354620928000,1610,4990
749036806121881602,830,3238
748977405889503236,3612,11188
748932637671223296,2401,6089
748705597323898880,1003,2881
748699167502000129,1693,4929
748692773788876800,1409,4420
748575535303884801,2098,6320
748568946752774144,711,2281
748346686624440324,1312,5440
748337862848962560,4369,7993
748324050481647620,809,3854
748307329658011649,754,3820
748220828303695873,8268,14737
747963614829678593,2267,6014
747933425676525569,2705,6895
747885874273214464,1043,3068
747844099428986880,794,2928
747816857231626240,1229,5040
747651430853525504,163,1441
747648653817413632,6193,13426
747600769478692864,583,2415
747594051852075008,1114,3849
747512671126323200,1680,5762
747461612269887489,1089,4021
747439450712596480,2040,5642
747242308580548608,3042,0
747219827526344708,1671,5504
747204161125646336,974,3515
747103485104099331,4227,9967
746906459439529985,312,3000
746872823977771008,2276,6239
746818907684614144,1827,5520
746790600704425984,1681,5071
746757706116112384,4137,9948
746726898085036033,1894,6278
746542875601690625,1983,5242
746521445350707200,1039,0
746507379341139972,1144,4826
746369468511756288,1739,6417
746131877086527488,2335,7185
746056683365994496,861,3682
745789745784041472,1127,4182
745712589599014916,2458,7259
745433870967832576,2685,7368
745422732645535745,2564,8924
745314880350101504,2935,7461
745074613265149952,3729,8136
745057283344719872,2410,7518
744995568523612160,656,3086
744971049620602880,2851,8187
744709971296780288,1645,5818
744334592493166593,2252,7033
744234799360020481,82727,162612
744223424764059648,389,1747
743980027717509120,1150,4317
743895849529389061,1012,3777
743835915802583040,2199,0
743609206067040256,1452,4652
743595368194129920,6930,19145
743545585370791937,985,3656
743510151680958465,3917,8213
743253157753532416,1288,4388
743222593470234624,2002,6432
743210557239623680,1441,3994
742534281772302336,3752,7320
742528092657332225,2105,4590
742465774154047488,4113,7535
742423170473463808,3994,10198
742385895052087300,2095,7064
742161199639494656,1451,4509
742150209887731712,1642,5330
741793263812808706,1586,4726
741743634094141440,2914,8490
741438259667034112,875,3808
741303864243200000,3398,9099
741099773336379392,5852,10399
741067306818797568,3260,9813
740995100998766593,2924,6617
740711788199743490,986,3533
740699697422163968,823,2941
740676976021798912,7159,18824
740373189193256964,14026,36127
740365076218183684,454,2569
740359016048689152,900,3423
740214038584557568,2072,6931
739979191639244800,6240,20708
739932936087216128,1134,4204
739844404073074688,898,3932
739623569819336705,1434,3938
739606147276148736,1744,5575
739544079319588864,22576,41113
739485634323156992,3090,7441
739238157791694849,61238,120183
738891149612572673,6,112
738885046782832640,1203,3910
738883359779196928,854,3456
738537504001953792,1637,5285
738402415918125056,885,3367
738184450748633089,1266,4475
738166403467907072,3584,9117
738156290900254721,688,2618
737826014890496000,1853,5469
737800304142471168,3643,10351
737678689543020544,1397,5216
737445876994609152,4697,10649
737322739594330112,852,3737
737310737551491075,7823,15218
736736130620620800,1827,4456
736392552031657984,7809,18371
736365877722001409,1317,4125
736225175608430592,2914,8422
736010884653420544,3132,8163
735991953473572864,1212,3727
735648611367784448,1157,4141
735635087207878657,2472,6402
735274964362878976,5341,13480
735256018284875776,933,3457
735137028879360001,1018,3232
734912297295085568,545,2836
734787690684657664,6632,13006
734776360183431168,570,2601
734559631394082816,416,1541
733828123016450049,818,3708
733822306246479872,1061,3788
733482008106668032,993,3258
733460102733135873,1342,4347
733109485275860992,17700,50966
732732193018155009,559,2519
732726085725589504,927,3661
732585889486888962,815,3802
732375214819057664,2649,8372
732005617171337216,5738,15445
731285275100512256,1032,3611
731156023742988288,1338,3965
730924654643314689,2081,6343
730573383004487680,2257,5080
730427201120833536,1100,3588
730211855403241472,1108,3954
730196704625098752,2025,5039
729854734790754305,1183,4178
729838605770891264,404,1763
729823566028484608,1304,4124
729463711119904772,2433,6003
729113531270991872,343,1949
728986383096946689,857,3257
728760639972315136,1788,4835
728751179681943552,708,2869
728653952833728512,1085,3421
728409960103686147,2103,5074
728387165835677696,1005,3796
728046963732717569,1238,4452
728035342121635841,1751,4702
728015554473250816,1152,4238
727685679342333952,665,3038
727644517743104000,1831,6096
727524757080539137,1280,4617
727314416056803329,785,3448
727286334147182592,856,3146
727175381690781696,1450,4020
727155742655025152,1396,3762
726935089318363137,2575,7118
726887082820554753,1584,3968
726828223124897792,1046,3673
726224900189511680,1201,4560
725842289046749185,2781,7280
725786712245440512,1428,4296
725729321944506368,1876,5363
725458796924002305,653,1454
724983749226668032,1369,3837
724771698126512129,673,2453
724405726123311104,1722,5473
724049859469295616,1853,4465
724046343203856385,590,2751
724004602748780546,1646,4323
723912936180330496,1290,4027
723688335806480385,3121,7945
723673163800948736,934,3123
723179728551723008,1966,5463
722974582966214656,1644,4228
722613351520608256,1720,5130
721503162398597120,1964,4801
721001180231503872,645,2614
720785406564900865,803,3220
720775346191278080,710,2567
720415127506415616,1574,4272
720389942216527872,2634,6602
720340705894408192,1025,2959
720059472081784833,1174,4016
720043174954147842,2101,5073
719991154352222208,1829,4988
719704490224398336,1514,4706
719551379208073216,2024,5225
719367763014393856,775,2877
719339463458033665,1307,4549
719332531645071360,1000,3533
718971898235854848,1146,3601
718939241951195136,1847,5407
718631497683582976,8456,19480
718613305783398402,502,2516
718540630683709445,1063,2553
718460005985447936,548,2788
718454725339934721,1581,5024
718246886998687744,521,1993
718234618122661888,1053,4001
717841801130979328,620,2533
717790033953034240,1181,2980
717537687239008257,1925,5937
717428917016076293,472,1661
717421804990701568,877,3254
717047459982213120,2006,6478
717009362452090881,1021,3370
716802964044845056,1238,4430
716791146589110272,1606,7494
716730379797970944,449,1273
716447146686459905,6193,13512
716439118184652801,219,2442
716285507865542656,1136,2872
716080869887381504,2010,6947
715928423106027520,916,3294
715758151270801409,1499,3845
715733265223708672,1767,4828
715704790270025728,592,2887
715696743237730304,1351,4031
715680795826982913,1700,4471
715360349751484417,1648,5652
715342466308784130,719,3136
715220193576927233,685,2501
715200624753819648,1977,5295
715009755312439296,1292,4304
714982300363173890,1078,3879
714962719905021952,4480,7608
714957620017307648,1484,4265
714631576617938945,1052,3378
714606013974974464,969,3754
714485234495041536,1211,2795
714258258790387713,751,3131
714251586676113411,875,3381
714214115368108032,920,2347
714141408463036416,1469,4461
713919462244790272,814,3390
713909862279876608,567,1980
713900603437621249,772,2938
713761197720473600,1441,5042
713411074226274305,1357,4568
713177543487135744,2960,7456
713175907180089344,1529,4613
712809025985978368,7051,19173
712717840512598017,5248,12770
712668654853337088,1272,4304
712438159032893441,1639,5509
712309440758808576,25,252
712097430750289920,1088,3924
712092745624633345,939,3045
712085617388212225,506,3365
712065007010385924,659,2347
711998809858043904,130,0
711968124745228288,2426,8341
711743778164514816,1032,2940
711732680602345472,4334,9182
711694788429553666,19217,33969
711652651650457602,963,3999
711363825979756544,1189,3790
711306686208872448,769,3424
711008018775851008,644,3098
710997087345876993,1453,4714
710844581445812225,723,2639
710833117892898816,559,2784
710658690886586372,591,2389
710609963652087808,2476,4961
710588934686908417,1962,4700
710296729921429505,774,2454
710283270106132480,541,2217
710272297844797440,1315,4700
710269109699739648,1182,2483
710153181850935296,935,3010
710140971284037632,929,2863
710117014656950272,2092,5688
709918798883774466,1116,3092
709901256215666688,105,697
709852847387627521,1252,3632
709566166965075968,1261,3666
709556954897764353,1114,3408
709519240576036864,245,1539
709449600415961088,605,2310
709409458133323776,721,2710
709225125749587968,599,2496
709207347839836162,6141,13018
709198395643068416,671,2510
709179584944730112,698,2077
709158332880297985,439,2116
709042156699303936,1720,4923
708853462201716736,689,1854
708845821941387268,942,3092
708834316713893888,530,1755
708810915978854401,7294,17070
708738143638450176,859,2841
708711088997666817,755,2644
708479650088034305,704,2640
708469915515297792,858,3199
708400866336894977,10647,16553
708356463048204288,1391,3731
708349470027751425,770,2432
708149363256774660,1609,4426
708130923141795840,880,3514
708119489313951744,1026,2773
708109389455101952,567,2000
708026248782585858,2010,4517
707995814724026368,1179,3239
707983188426153984,2,51
707969809498152960,1019,2797
707776935007539200,994,3400
707741517457260545,644,2584
707738799544082433,2605,4239
707693576495472641,1049,3553
707629649552134146,927,2669
707610948723478529,6729,17555
707420581654872064,724,2359
707411934438625280,620,2369
707387676719185920,1361,3629
707377100785885184,1134,3399
707315916783140866,673,2564
707297311098011648,829,2872
707059547140169728,710,2675
707038192327901184,829,2265
707021089608753152,1436,4221
707014260413456384,623,2386
706904523814649856,8238,15108
706901761596989440,626,2143
706681918348251136,1018,3449
706644897839910912,1153,2670
706593038911545345,658,2232
706538006853918722,1484,3583
706516534877929472,1083,3208
706346369204748288,968,3571
706310011488698368,8396,22110
706291001778950144,491,1763
706265994973601792,967,2832
706169069255446529,2341,4040
706166467411222528,1685,5327
706153300320784384,401,1537
705975130514706432,770,3215
705970349788291072,931,3248
705898680587526145,582,2455
705786532653883392,549,2013
705591895322394625,1212,3285
705475953783398401,965,3055
705442520700944385,1720,4605
705428427625635840,1768,3951
705239209544720384,780,3108
705223444686888960,843,2668
705102439679201280,536,2233
705066031337840642,634,2251
704871453724954624,1166,4423
704859558691414016,572,2335
704847917308362754,1610,5284
704819833553219584,1043,2735
704761120771465216,3042,6870
704499785726889984,1050,3037
704491224099647488,84,791
704480331685040129,1110,3519
704364645503647744,3733,8306
704347321748819968,363,1650
704134088924532736,492,1563
704113298707505153,590,1921
704054845121142784,952,3027
703774238772166656,487,1905
703769065844768768,1198,3404
703631701117943808,721,2696
703611486317502464,1589,3999
703425003149250560,1450,3933
703407252292673536,731,2541
703382836347330562,1190,3639
703356393781329922,405,1985
703268521220972544,570,2040
703079050210877440,3259,7672
703041949650034688,13187,27324
702932127499816960,758,2689
702899151802126337,477,1672
702684942141153280,1136,3342
702671118226825216,588,2284
702598099714314240,3605,12634
702539513671897089,1007,2980
702332542343577600,1640,3309
702321140488925184,1087,3398
702276748847800320,804,2567
702217446468493312,1402,4974
701981390485725185,1044,3578
701952816642965504,1076,3966
701889187134500865,1447,3679
701805642395348998,1779,3558
701601587219795968,479,2165
701570477911896070,977,2918
701545186879471618,643,2761
701214700881756160,5377,12662
700890391244103680,602,2296
700864154249383937,644,2682
700847567345688576,526,2521
700796979434098688,1007,2527
700747788515020802,9847,23699
700518061187723268,846,2733
700505138482569216,598,2373
700462010979500032,1892,4291
700167517596164096,783,2737
700151421916807169,700,2317
700143752053182464,2881,7803
700062718104104960,730,2748
700029284593901568,612,2151
700002074055016451,1412,3439
699801817392291840,1011,3179
699788877217865730,524,2312
699779630832685056,1310,2872
699775878809702401,636,2028
699691744225525762,4843,10629
699446877801091073,2749,6164
699434518667751424,533,2242
699423671849451520,348,1426
699413908797464576,647,2152
699370870310113280,459,1955
699323444782047232,908,3280
699088579889332224,664,2326
699079609774645248,688,2543
699072405256409088,1251,3118
699060279947165696,1899,3919
699036661657767936,1256,2703
698989035503689728,1033,3502
698953797952008193,956,2802
698907974262222848,658,2635
698710712454139905,715,2564
698703483621523456,399,1507
698635131305795584,356,1339
698549713696649216,650,2412
698355670425473025,477,1941
698342080612007937,995,2346
698262614669991936,2115,4924
698195409219559425,6269,17393
698178924120031232,781,2912
697995514407682048,351,1588
697990423684476929,1363,3411
697943111201378304,721,2491
697881462549430272,1255,3131
697630435728322560,567,1818
697616773278015490,1065,3274
697596423848730625,1326,3151
697575480820686848,523,2117
697516214579523584,1185,2153
697482927769255936,707,2510
697463031882764288,1452,3535
697270446429966336,1963,4850
697259378236399616,1049,3415
697255105972801536,1218,3135
697242256848379904,703,2608
696900204696625153,1073,3303
696894894812565505,708,2425
696886256886657024,1894,5022
696877980375769088,744,2529
696754882863349760,375,1538
696744641916489729,987,2147
696713835009417216,678,2464
696518437233913856,1786,4037
696490539101908992,151,1261
696488710901260288,1084,2634
696405997980676096,1203,3337
696100768806522880,700,2010
695816827381944320,1229,3119
695794761660297217,818,3300
695767669421768709,790,1941
695629776980148225,2213,4732
695446424020918272,1908,4546
695409464418041856,3764,8983
695314793360662529,1542,3778
695095422348574720,648,2740
695074328191332352,1167,2953
695064344191721472,633,1665
695051054296211456,830,2758
694925794720792577,961,2796
694905863685980160,979,2861
694669722378485760,15217,37095
694356675654983680,300,1565
694352839993344000,654,2124
694342028726001664,507,1631
694329668942569472,524,2082
694206574471057408,2138,4336
694183373896572928,980,3060
694001791655137281,1084,3523
693993230313091072,424,1944
693942351086120961,386,1802
693647888581312512,623,2803
693644216740769793,131,1393
693642232151285760,432,2633
693629975228977152,838,2544
693622659251335168,388,1604
693590843962331137,2076,5249
693582294167244802,268,1708
693486665285931008,667,1849
693280720173801472,1300,3495
693267061318012928,857,2476
693262851218264065,524,2320
693231807727280129,769,2979
693155686491000832,3378,8175
693109034023534592,647,1784
693095443459342336,486,1947
692919143163629568,788,2764
692905862751522816,923,2530
692901601640583168,631,1849
692894228850999298,851,2368
692828166163931137,923,2994
692752401762250755,3820,7082
692568918515392513,1617,4519
692535307825213440,1432,3312
692530551048294401,438,1916
692423280028966913,240,1533
692417313023332352,3662,9684
692187005137076224,860,2625
692158366030913536,830,2229
692142790915014657,414,1708
692041934689402880,1343,3532
692017291282812928,1003,2978
691820333922455552,1750,4100
691793053716221953,4433,8435
691756958957883396,1070,3001
691675652215414786,530,2021
691483041324204033,591,2470
691459709405118465,1214,4207
691444869282295808,889,2750
691416866452082688,8060,20035
691321916024623104,693,2674
691096613310316544,929,3071
691090071332753408,353,1776
690989312272396288,3016,6124
690959652130045952,1320,3722
690938899477221376,2099,4275
690932576555528194,1081,3410
690735892932222976,1341,3935
690728923253055490,541,2259
690690673629138944,845,2414
690649993829576704,293,1362
690607260360429569,17,305
690597161306841088,636,2040
690400367696297985,475,1947
690374419777196032,905,3393
690360449368465409,941,2749
690348396616552449,543,1567
690248561355657216,434,1745
690021994562220032,1091,2895
690015576308211712,779,2604
690005060500217858,1781,3809
689999384604450816,394,1483
689993469801164801,477,1516
689977555533848577,470,1424
689905486972461056,728,2513
689877686181715968,1242,3147
689835978131935233,792,2250
689661964914655233,977,3324
689659372465688576,4082,10754
689623661272240129,676,2312
689599056876867584,5833,12062
689557536375177216,483,2125
689517482558820352,1510,3529
689289219123089408,994,2341
689283819090870273,1160,3414
689280876073582592,752,2071
689275259254616065,258,1200
689255633275777024,1139,2657
689154315265683456,1055,3180
689143371370250240,538,2097
688916208532455424,918,2840
688908934925697024,817,2198
688898160958271489,832,2184
688894073864884227,733,2326
688828561667567616,393,1430
688804835492233216,204,1004
688789766343622656,697,2308
688547210804498433,738,2715
688519176466644993,775,2402
688385280030670848,4699,9642
688211956440801280,877,2316
688179443353796608,619,2202
688116655151435777,823,2943
688064179421470721,380,1802
687841446767013888,2668,5678
687826841265172480,1188,2833
687818504314159109,1002,2592
687807801670897665,742,2492
687732144991551489,696,1834
687704180304273409,884,2538
687664829264453632,536,2010
687494652870668288,605,1978
687480748861947905,253,1659
687476254459715584,561,2052
687460506001633280,570,2133
687399393394311168,661,1967
687317306314240000,9645,20871
687312378585812992,2007,4530
687127927494963200,2416,5666
687124485711986689,525,2250
687109925361856513,2603,6038
687102708889812993,1040,2427
687096057537363968,635,2335
686947101016735744,3352,8946
686760001961103360,1455,3661
686749460672679938,1541,3608
686730991906516992,1267,4317
686683045143953408,849,2920
686618349602762752,1440,3831
686606069955735556,573,1973
686394059078897668,715,1807
686386521809772549,928,3383
686377065986265092,594,2293
686358356425093120,717,2280
686286779679375361,1753,4149
686050296934563840,767,2288
686035780142297088,128,1200
686034024800862208,1222,3229
686007916130873345,447,2581
686003207160610816,674,1892
685973236358713344,552,2193
685943807276412928,633,1687
685906723014619143,3079,7806
685681090388975616,134,2108
685667379192414208,603,2433
685663452032069632,1540,3381
685641971164143616,825,3044
685547936038666240,16591,34221
685532292383666176,1217,3153
685325112850124800,4204,9841
685321586178670592,680,2749
685315239903100929,1143,3473
685307451701334016,465,2153
685268753634967552,1272,3219
685198997565345792,701,2423
685169283572338688,1503,4249
684969860808454144,397,2460
684959798585110529,3308,7075
684940049151070208,1101,3341
684926975086034944,492,3635
684914660081053696,1548,3651
684902183876321280,560,1955
684880619965411328,867,2182
684830982659280897,22820,36369
684800227459624960,1056,2822
684594889858887680,3728,9259
684588130326986752,1485,4269
684567543613382656,1298,3130
684538444857667585,1008,2738
684481074559381504,1234,4031
684460069371654144,586,2063
684241637099323392,3504,8464
684225744407494656,224,1281
684222868335505415,1453,3977
684200372118904832,1084,2245
684195085588783105,547,1989
684188786104872960,1243,3614
684177701129875456,709,2091
684147889187209216,1575,3093
684122891630342144,499,2073
684097758874210310,1519,4266
683857920510050305,1180,3947
683852578183077888,370,2003
683849932751646720,1036,2718
683834909291606017,1169,2721
683828599284170753,1121,2914
683773439333797890,1432,3471
683742671509258241,3506,6750
683515932363329536,3082,7627
683498322573824003,1019,3290
683481228088049664,1052,2742
683462770029932544,709,2518
683449695444799489,1701,4047
683391852557561860,2515,7907
683357973142474752,985,3046
683142553609318400,1098,2996
683111407806746624,962,3520
683098815881154561,698,2250
683078886620553216,592,2061
683030066213818368,768,2232
682962037429899265,17623,38330
682808988178739200,190,1844
682788441537560576,1182,2564
682750546109968385,463,1583
682697186228989953,380,1368
682662431982772225,1145,3170
682638830361513985,638,2136
682429480204398592,1230,3567
682406705142087680,1865,7870
682393905736888321,722,2320
682389078323662849,495,1727
682303737705140231,1060,3187
682259524040966145,1280,4327
682242692827447297,1247,3386
682088079302213632,10436,18956
682059653698686977,1785,5139
682047327939461121,1017,3325
682032003584274432,2128,6827
682003177596559360,1622,3275
681981167097122816,1089,2904
681891461017812993,866,2558
681694085539872773,4287,13248
681679526984871937,475,1837
681654059175129088,980,2732
681610798867845120,503,1986
681579835668455424,1375,3683
681523177663676416,6135,14852
681340665377193984,295,1700
681339448655802368,4291,9636
681320187870711809,793,2749
681302363064414209,1932,4093
681297372102656000,1017,3326
681281657291280384,1166,3338
681261549936340994,290,1513
681242418453299201,569,1552
681231109724700672,513,2492
681193455364796417,1565,3854
680970795137544192,705,2519
680959110691590145,2114,4725
680940246314430465,1115,3341
680934982542561280,464,2151
680913438424612864,653,2489
680889648562991104,383,1832
680836378243002368,1404,3587
680805554198020098,698,2233
680801747103793152,871,2457
680798457301471234,1099,2969
680609293079592961,751,2736
680583894916304897,1423,3757
680497766108381184,2010,4393
680494726643068929,510,1783
680473011644985345,787,2644
680440374763077632,535,1512
680221482581123072,306,1513
680206703334408192,1248,2944
680191257256136705,531,2227
680176173301628928,1655,4041
680161097740095489,777,2407
680145970311643136,1845,3745
680130881361686529,1002,2366
680115823365742593,954,2809
680100725817409536,1444,3701
680085611152338944,9453,13242
680070545539371008,928,2676
679877062409191424,683,2048
679872969355714560,699,2261
679862121895714818,655,2544
679854723806179328,1303,2963
679844490799091713,805,2456
679828447187857408,14826,37529
679777920601223168,1175,3194
679736210798047232,837,2163
679729593985699840,868,2241
679722016581222400,495,1712
679530280114372609,2193,4929
679527802031484928,763,2733
679511351870550016,1335,3489
679503373272485890,1554,3245
679475951516934144,670,2163
679462823135686656,19861,32804
679405845277462528,1267,2457
679158373988876288,8534,22134
679148763231985668,1089,2866
679132435750195208,1220,3065
679111216690831360,2695,6162
679062614270468097,8656,17611
679047485189439488,714,2322
679001094530465792,1304,2917
678991772295516161,1240,2398
678969228704284672,486,1698
678800283649069056,952,2659
678798276842360832,1250,3582
678774928607469569,967,2889
678767140346941444,1439,3654
678764513869611008,502,1696
678755239630127104,3482,7362
678740035362037760,1787,3877
678708137298427904,2546,5749
678675843183484930,1555,2966
678643457146150913,443,2118
678446151570427904,1642,4126
678424312106393600,2670,5584
678410210315247616,1918,4370
678399652199309312,33374,81585
678396796259975168,443,1641
678389028614488064,441,1928
678380236862578688,958,2521
678341075375947776,566,1783
678334497360859136,271,1342
678278586130948096,6385,11806
678255464182861824,391,1637
678023323247357953,403,1989
678021115718029313,6701,14133
677961670166224897,1771,3519
677918531514703872,430,1392
677895101218201600,2214,4978
677716515794329600,1013,3143
677700003327029250,1520,3496
677698403548192770,334,1266
677687604918272002,889,2550
677673981332312066,1573,3436
677662372920729601,1021,2006
677644091929329666,836,1914
677573743309385728,759,2200
677565715327688705,480,1331
677557565589463040,1215,2503
677547928504967168,3817,7123
677530072887205888,236,1103
677335745548390400,1869,3124
677334615166730240,306,1390
677331501395156992,245,1126
677328882937298944,1570,3731
677314812125323265,558,1685
677301033169788928,430,1277
677269281705472000,740,2050
677228873407442944,1716,3641
677187300187611136,966,2804
676975532580409345,1122,2859
676957860086095872,843,2273
676949632774234114,417,1345
676948236477857792,911,2231
676946864479084545,394,1755
676942428000112642,792,2125
676936541936185344,5116,13038
676916996760600576,1878,3044
676897532954456065,749,2314
676864501615042560,740,2155
676821958043033607,16298,23633
676819651066732545,694,1851
676811746707918848,443,1450
676776431406465024,2095,5133
676617503762681856,1025,2966
676613908052996102,205,1111
676606785097199616,457,1925
676603393314578432,400,1192
676593408224403456,2252,4682
676590572941893632,130,937
676588346097852417,829,2382
676582956622721024,290,1231
676575501977128964,1165,2655
676533798876651520,581,1918
676496375194980353,555,1554
676470639084101634,4860,11854
676440007570247681,693,1756
676430933382295552,360,1427
676263575653122048,574,2127
676237365392908289,304,1253
676219687039057920,32320,77206
676215927814406144,607,1783
676191832485810177,1075,2330
676146341966438401,689,1963
676121918416756736,1204,2200
676101918813499392,1210,2878
676098748976615425,1495,3071
676089483918516224,448,1345
675898130735476737,596,1659
675891555769696257,900,2171
675888385639251968,1002,2426
675878199931371520,1454,4256
675870721063669760,596,1671
675853064436391936,1346,2738
675849018447167488,154,959
675845657354215424,920,2322
675822767435051008,556,1553
675820929667219457,239,1071
675798442703122432,3506,10443
675781562965868544,490,1656
675740360753160193,360,1192
675710890956750848,853,1927
675707330206547968,722,2020
675706639471788032,101,656
675534494439489536,433,1854
675531475945709568,398,1205
675522403582218240,295,1059
675517828909424640,473,1321
675501075957489664,6018,17441
675497103322386432,1346,3198
675489971617296384,622,1325
675483430902214656,1004,1871
675432746517426176,590,1554
675372240448454658,528,1720
675362609739206656,236,1068
675354435921575936,17803,33320
675349384339542016,2334,3977
675334060156301312,1337,2829
675166823650848770,1666,3675
675153376133427200,2692,6377
675149409102012420,1731,3796
675147105808306176,247,958
675146535592706048,325,1212
675145476954566656,931,2169
675135153782571009,510,1320
675113801096802304,806,1983
675111688094527488,260,982
675109292475830276,1173,2840
675047298674663426,339,1076
675015141583413248,1240,2748
675006312288268288,232,1003
675003128568291329,488,1578
674999807681908736,1135,2279
674805413498527744,366,871
674800520222154752,885,3059
674793399141146624,1121,2543
674790488185167872,255,1120
674788554665512960,217,826
674781762103414784,1242,2027
674774481756377088,486,1140
674767892831932416,817,1855
674764817387900928,245,796
674754018082705410,462,1381
674752233200820224,481,1479
674743008475090944,570,1428
674742531037511680,52,495
674739953134403584,405,1130
674737130913071104,96,661
674690135443775488,482,1166
674670581682434048,671,1634
674664755118911488,263,939
674646392044941312,508,1454
674644256330530816,277,1038
674638615994089473,596,1705
674632714662858753,598,1523
674606911342424069,102,949
674468880899788800,2117,6309
674447403907457024,365,1079
674436901579923456,404,1123
674422304705744896,551,1453
674416750885273600,144,689
674410619106390016,479,1216
674394782723014656,590,1516
674372068062928900,322,855
674330906434379776,76,568
674318007229923329,528,1435
674307341513269249,7150,11450
674291837063053312,6049,14911
674271431610523648,749,1589
674269164442398721,231,914
674265582246694913,875,1663
674262580978937856,464,1321
674255168825880576,570,1483
674082852460433408,174,763
674075285688614912,297,993
674063288070742018,2263,6440
674053186244734976,1332,3358
674051556661161984,496,1459
674045139690631169,654,1435
674042553264685056,132,733
674038233588723717,423,1113
674036086168010753,217,855
674024893172875264,1255,1801
674019345211760640,307,1148
674014384960745472,662,1578
674008982932058114,365,1213
673956914389192708,984,1967
673919437611909120,377,1182
673906403526995968,1654,3223
673887867907739649,256,940
673716320723169284,768,3112
673715861853720576,2133,3573
673711475735838725,303,1047
673709992831262724,280,857
673708611235921920,297,1091
673707060090052608,401,1108
673705679337693185,410,1268
673700254269775872,584,1450
673697980713705472,1997,3835
673689733134946305,664,1745
673688752737402881,505,1271
673686845050527744,449,1446
673680198160809984,479,1382
673662677122719744,367,1266
673656262056419329,247,721
673636718965334016,366,1117
673612854080196609,737,1608
673583129559498752,372,1201
673580926094458881,274,841
673576835670777856,571,1396
673363615379013632,311,1033
673359818736984064,685,1467
673355879178194945,590,1502
673352124999274496,547,1665
673350198937153538,218,752
673345638550134785,1303,2532
673343217010679808,277,981
673342308415348736,597,1284
673320132811366400,8110,13564
673317986296586240,265,881
673295268553605120,3224,7578
673270968295534593,374,1071
673240798075449344,747,1434
673213039743795200,860,2265
673148804208660480,644,1701
672997845381865473,735,1982
672995267319328768,303,964
672988786805112832,299,990
672984142909456390,551,1263
672980819271634944,1027,1833
672975131468300288,930,1694
672970152493887488,363,950
672968025906282496,556,1326
672964561327235073,651,1430
672902681409806336,515,1374
672898206762672129,430,910
672884426393653248,845,1558
672877615439593473,374,1042
672834301050937345,577,1321
672828477930868736,504,1264
672640509974827008,327,979
672622327801233409,504,1305
672614745925664768,598,1227
672609152938721280,396,1121
672604026190569472,404,1115
672594978741354496,618,1335
672591762242805761,342,955
672591271085670400,186,728
672538107540070400,372,1033
672523490734551040,174,645
672488522314567680,446,1117
672482722825261057,610,1145
672481316919734272,127,721
672475084225949696,714,1435
672466075045466113,550,1359
672272411274932228,3453,6486
672267570918129665,627,1505
672264251789176834,343,1146
672256522047614977,1576,2826
672254177670729728,754,1434
672248013293752320,622,1726
672245253877968896,162,687
672239279297454080,328,897
672231046314901505,1037,1841
672222792075620352,214,784
672205392827572224,1174,2273
672169685991993344,374,1025
672160042234327040,364,877
672139350159835138,722,1752
672125275208069120,1158,2415
672095186491711488,373,1006
672082170312290304,373,944
672068090318987265,525,1293
671896809300709376,4233,8518
671891728106971137,582,1338
671882082306625538,1402,3482
671879137494245376,690,1432
671874878652489728,567,1253
671866342182637568,507,1123
671855973984772097,453,909
671789708968640512,3543,7100
671768281401958400,533,1196
671763349865160704,943,1692
671744970634719232,785,1355
671743150407421952,236,744
671735591348891648,768,1460
671729906628341761,4418,8540
671561002136281088,7337,12872
671550332464455680,210,919
671547767500775424,606,1360
671544874165002241,1063,1985
671542985629241344,573,1096
671538301157904385,401,931
671536543010570240,416,1181
671533943490011136,589,1023
671528761649688577,263,847
671520732782923777,534,1408
671518598289059840,293,956
671511350426865664,734,1612
671504605491109889,3594,7050
671497587707535361,453,923
671488513339211776,478,1015
671486386088865792,208,578
671485057807351808,234,763
671390180817915904,742,1431
671362598324076544,297,1112
671357843010908160,150,401
671355857343524864,116,484
671347597085433856,435,960
671186162933985280,215,735
671182547775299584,351,1121
671166507850801152,356,879
671163268581498880,1123,1669
671159727754231808,82,376
671154572044468225,222,716
671151324042559489,157,672
671147085991960577,229,675
671141549288370177,665,1164
671138694582165504,411,929
671134062904504320,199,751
671122204919246848,2556,3499
671115716440031232,789,1371
671109016219725825,448,1151
670995969505435648,298,1108
670842764863651840,8860,24693
670840546554966016,196,593
670838202509447168,706,1116
670833812859932673,128,448
670832455012716544,222,737
670826280409919488,4118,5572
670823764196741120,197,781
670822709593571328,97,616
670815497391357952,1562,3185
670811965569282048,275,1138
670807719151067136,500,1165
670804601705242624,975,1972
670803562457407488,88,347
670797304698376195,240,739
670792680469889025,285,834
670789397210615808,245,664
670786190031921152,204,607
670783437142401025,401,824
670782429121134593,784,1570
670780561024270336,292,786
670778058496974848,74,330
670764103623966721,429,1078
670755717859713024,112,441
670733412878163972,522,971
670727704916926465,366,831
670717338665226240,503,1213
670704688707301377,375,773
670691627984359425,248,592
670679630144274432,287,750
670676092097810432,44,249
670668383499735048,5114,10749
670474236058800128,768,1526
670468609693655041,86,354
670465786746662913,559,974
670452855871037440,208,552
670449342516494336,673,1195
670444955656130560,2007,6754
670442337873600512,202,645
670435821946826752,523,1057
670434127938719744,656,1405
670433248821026816,114,329
670428280563085312,636,1387
670427002554466305,166,522
670421925039075328,641,1314
670420569653809152,321,630
670417414769758208,318,572
670411370698022913,911,2025
670408998013820928,229,557
670403879788544000,160,436
670385711116361728,213,562
670374371102445568,274,748
670361874861563904,69,330
670338931251150849,113,423
670319130621435904,1237,3875
670303360680108032,138,430
670290420111441920,292,706
670093938074779648,339,1029
670086499208155136,255,702
670079681849372674,1255,2228
670073503555706880,802,1583
670069087419133954,245,626
670061506722140161,347,769
670055038660800512,336,673
670046952931721218,180,647
670040295598354432,113,757
670037189829525505,280,591
670003130994700288,93,333
669993076832759809,86,327
669972011175813120,161,448
669970042633789440,62,304
669942763794931712,167,505
669926384437997569,106,374
669923323644657664,57,233
669753178989142016,406,816
669749430875258880,65,268
669684865554620416,90,518
669683899023405056,112,390
669682095984410625,136,351
669680153564442624,295,670
669661792646373376,445,803
669625907762618368,1840,3543
669603084620980224,367,953
669597912108789760,152,514
669583744538451968,937,1500
669573570759163904,143,435
669571471778410496,1033,1597
669567591774625800,56,236
669564461267722241,127,386
669393256313184256,78,369
669375718304980992,739,1333
669371483794317312,184,496
669367896104181761,160,468
669363888236994561,231,623
669359674819481600,127,370
669354382627049472,1291,2716
669353438988365824,266,648
669351434509529089,190,438
669328503091937280,424,1023
669327207240699904,118,577
669324657376567296,211,501
669216679721873412,409,1194
669214165781868544,169,441
669203728096960512,486,1008
669037058363662336,318,660
669015743032369152,379,740
669006782128353280,251,579
669000397445533696,6451,20981
668994913074286592,233,440
668992363537309700,352,747
668989615043424256,334,682
668988183816871936,477,900
668986018524233728,171,556
668981893510119424,313,539
668979806671884288,354,802
668975677807423489,588,1306
668967877119254528,24,145
668960084974809088,242,706
668955713004314625,72,283
668932921458302977,59,266
668902994700836864,102,321
668892474547511297,154,397
668872652652679168,304,531
668852170888998912,169,457
668826086256599040,139,434
668815180734689280,275,579
668779399630725120,375,708
668655139528511488,222,536
668645506898350081,537,895
668643542311546881,539,883
668641109086707712,546,1081
668636665813057536,496,1044
668633411083464705,1673,2819
668631377374486528,323,721
668627278264475648,118,320
668625577880875008,137,389
668623201287675904,783,1436
668620235289837568,43,204
668614819948453888,316,615
668587383441514497,1090,1674
668567822092664832,57,246
668544745690562560,231,517
668542336805281792,219,459
668537837512433665,77,253
668528771708952576,231,461
668507509523615744,109,328
668496999348633600,135,416
668484198282485761,239,430
668480044826800133,150,462
668466899341221888,524,884
668297328638447616,298,620
668291999406125056,31,244
668286279830867968,138,505
668274247790391296,232,825
668268907921326080,238,555
668256321989451776,625,1315
668248472370458624,496,991
668237644992782336,2882,6220
668226093875376128,105,299
668221241640230912,200,513
668204964695683073,197,554
668190681446379520,198,654
668171859951755264,195,492
668154635664932864,320,496
668142349051129856,285,570
668113020489474048,244,670
667937095915278337,797,1263
667924896115245057,113,302
667915453470232577,56,209
667911425562669056,308,494
667902449697558528,379,852
667886921285246976,1103,1885
667885044254572545,490,813
667878741721415682,121,392
667873844930215936,409,626
667866724293877760,1039,3001
667861340749471744,78,240
667832474953625600,63,291
667806454573760512,497,1047
667801013445750784,97,329
667793409583771648,334,698
667782464991965184,246,407
667773195014021121,57,235
667766675769573376,217,441
667728196545200128,152,378
667724302356258817,319,481
667550904950915073,35,0
667550882905632768,33,0
667549055577362432,2298,5785
667546741521195010,125,331
667544320556335104,529,863
667538891197542400,65,203
667534815156183040,542,813
667530908589760512,239,463
667524857454854144,1113,1692
667517642048163840,193,366
667509364010450944,2131,6761
667502640335572993,220,531
667495797102141441,272,514
667491009379606528,225,529
667470559035432960,100,254
667455448082227200,60,189
667453023279554560,89,305
667443425659232256,578,774
667437278097252352,238,448
667435689202614272,83,302
667405339315146752,220,461
667393430834667520,55,193
667369227918143488,163,363
667211855547486208,242,489
667200525029539841,260,608
667192066997374976,108,383
667188689915760640,414,739
667182792070062081,6194,14255
667177989038297088,54,191
667176164155375616,464,608
667174963120574464,82,240
667171260800061440,88,220
667165590075940865,1135,2671
667160273090932737,62,254
667152164079423490,17025,47428
667138269671505920,2199,4574
667119796878725120,127,326
667090893657276420,126,329
667073648344346624,121,398
667070482143944705,14,82
667065535570550784,46,165
667062181243039745,54,216
667044094246576128,50,182
667012601033924608,221,442
666996132027977728,94,244
666983947667116034,979,2526
666837028449972224,549,805
666835007768551424,80,211
666826780179869698,97,251
666817836334096384,248,513
666804364988780544,92,235
666786068205871104,483,750
666781792255496192,189,379
666776908487630848,172,346
666739327293083650,65,231
666701168228331520,217,425
666691418707132416,47,185
666649482315059201,614,1105
666644823164719104,79,228
666454714377183233,207,510
666447344410484738,19,101
666437273139982337,47,122
666435652385423360,53,163
666430724426358785,194,311
666428276349472768,81,162
666421158376562688,111,310
666418789513326592,45,122
666411507551481857,320,430
666407126856765440,38,105
666396247373291520,82,161
666373753744588802,88,183
666362758909284353,558,754
666353288456101888,71,214
666345417576210432,132,284
666337882303524864,88,191
666293911632134144,343,487
666287406224695296,63,142
666273097616637952,76,168
666268910803644416,35,100
666104133288665088,6351,13967
666102155909144576,11,77
666099513787052032,65,150
666094000022159362,71,160
666082916733198337,44,113
666073100786774016,158,314
666071193221509120,58,142
666063827256086533,212,462
666058600524156928,57,109
666057090499244032,138,286
666055525042405380,235,426
666051853826850816,827,1192
666050758794694657,57,130
666049248165822465,42,105
666044226329800704,136,290
666033412701032449,43,121
666029285002620928,46,125
666020888022790149,496,2515
